166.673,24.714
166.433,24.681
166.478,24.650
166.478,24.650
166.478,24.650
166.433,24.681
166.673,24.714
166.433,24.681
166.758,24.652
166.478,24.650
166.478,24.650
166.478,24.650
166.478,24.650
166.478,24.650
166.478,24.650
166.433,24.681
166.478,24.650
166.433,24.681
166.433,24.681
166.478,24.650
166.673,24.714
166.433,24.681
166.433,24.681
166.478,24.650
166.769,24.683
166.478,24.650
166.478,24.650
166.392,24.712
166.724,24.714
166.433,24.681
166.392,24.712
166.478,24.650
166.478,24.650
166.478,24.650
166.433,24.681
166.433,24.681
166.433,24.681
166.437,24.680
166.478,24.650
166.433,24.681
166.437,24.680
166.478,24.650
166.478,24.650
166.478,24.650
166.437,24.680
166.478,24.650
166.433,24.681
166.433,24.681
166.478,24.650
166.478,24.650
166.433,24.681
166.433,24.681
166.478,24.650
166.433,24.681
166.437,24.680
166.433,24.681
166.478,24.650
166.437,24.680
166.392,24.712
166.718,24.683
166.437,24.680
166.433,24.681
166.478,24.650
166.673,24.714
166.478,24.650
166.724,24.714
166.437,24.680
166.433,24.681
166.478,24.650
166.478,24.650
166.478,24.650
166.392,24.712
166.433,24.681
166.433,24.681
166.433,24.681
166.437,24.680
166.478,24.650
166.478,24.650
166.478,24.650
166.433,24.681
166.437,24.680
166.437,24.680
166.478,24.650
166.437,24.680
166.433,24.681
166.437,24.680
166.478,24.650
166.437,24.680
166.433,24.681
166.433,24.681
166.478,24.650
166.478,24.650
166.478,24.650
166.392,24.712
166.478,24.650
166.433,24.681
166.478,24.650
166.433,24.681
166.433,24.681
166.375,24.722
166.708,24.724
166.420,24.691
166.420,24.691
166.479,24.933
166.708,24.724
166.420,24.691
166.493,24.637
166.826,24.976
166.752,24.693
166.826,24.976
166.478,24.650
166.433,24.681
166.752,24.693
166.478,24.650
166.478,24.650
166.478,24.650
166.433,24.681
166.433,24.681
166.538,24.605
166.869,24.608
166.810,24.653
166.478,24.650
166.478,24.650
166.478,24.650
166.538,24.605
166.718,24.683
166.632,24.744
166.478,24.650
166.718,24.683
166.718,24.683
166.478,24.650
166.718,24.683
166.478,24.650
166.677,24.713
166.718,24.683
166.718,24.683
166.718,24.683
166.478,24.650
166.718,24.683
166.375,24.722
166.478,24.650
166.478,24.650
166.433,24.681
166.478,24.650
166.392,24.712
166.478,24.650
166.478,24.650
166.478,24.650
166.718,24.683
166.478,24.650
166.478,24.650
166.437,24.680
166.437,24.680
166.437,24.680
166.392,24.712
166.433,24.681
166.478,24.650
166.433,24.681
166.478,24.650
166.433,24.681
166.437,24.680
166.392,24.712
166.478,24.650
166.765,24.684
166.437,24.680
166.478,24.650
166.478,24.650
166.478,24.650
166.420,24.691
166.437,24.680
166.433,24.681
166.478,24.650
166.433,24.681
166.433,24.681
166.718,24.683
166.433,24.681
166.478,24.650
166.437,24.680
166.478,24.650
166.478,24.650
166.433,24.681
166.437,24.680
166.478,24.650
166.478,24.650
166.433,24.681
166.433,24.681
166.478,24.650
166.433,24.681
166.478,24.650
166.478,24.650
166.478,24.650
166.437,24.680
166.478,24.650
166.392,24.712
166.478,24.650
166.478,24.650
166.433,24.681
166.478,24.650
166.433,24.681
166.437,24.680
166.433,24.681
166.433,24.681
166.433,24.681
166.392,24.712
166.433,24.681
166.392,24.712
166.478,24.650
166.478,24.650
166.437,24.680
166.478,24.650
166.433,24.681
166.145,24.312
166.105,24.342
165.773,24.340
165.481,24.307
165.441,24.337
165.481,24.307
165.634,24.400
165.441,24.337
165.481,24.307
165.481,24.307
165.441,24.337
165.481,24.307
165.481,24.307
165.434,24.338
165.481,24.307
165.434,24.338
165.434,24.338
165.481,24.307
165.441,24.337
165.481,24.307
165.481,24.307
165.481,24.307
165.441,24.337
165.441,24.337
165.434,24.338
165.434,24.338
165.481,24.307
165.481,24.307
165.441,24.337
165.481,24.307
165.481,24.307
165.394,24.368
165.441,24.337
165.394,24.368
165.427,24.307
165.434,24.338
165.481,24.307
165.481,24.307
165.441,24.337
165.434,24.338
165.434,24.338
165.481,24.307
165.434,24.338
165.481,24.307
165.434,24.338
165.441,24.337
165.481,24.307
165.394,24.368
165.481,24.307
165.394,24.368
165.434,24.338
165.481,24.307
165.434,24.338
165.434,24.338
165.481,24.307
165.474,24.276
165.441,24.337
165.394,24.368
165.394,24.368
165.434,24.338
165.434,24.338
165.481,24.307
165.481,24.307
165.441,24.337
165.434,24.338
165.481,24.307
165.481,24.307
165.481,24.307
165.434,24.338
165.441,24.337
165.481,24.307
165.441,24.337
165.481,24.307
165.481,24.307
165.441,24.337
165.394,24.368
165.434,24.338
165.427,24.307
165.434,24.306
165.394,24.368
165.481,24.307
165.441,24.337
165.441,24.337
165.434,24.338
165.441,24.337
165.481,24.307
165.441,24.337
165.481,24.307
165.434,24.338
165.434,24.338
165.374,24.377
165.434,24.338
165.481,24.307
165.434,24.338
165.394,24.368
165.481,24.307
165.434,24.338
165.441,24.337
165.441,24.337
165.481,24.307
165.481,24.307
165.441,24.337
165.434,24.338
165.441,24.337
165.434,24.338
165.441,24.337
165.481,24.307
165.441,24.337
165.387,24.337
165.434,24.338
165.441,24.337
165.441,24.337
165.481,24.307
165.434,24.338
165.441,24.337
165.441,24.337
165.441,24.337
165.434,24.338
165.441,24.337
165.481,24.307
165.481,24.307
165.481,24.307
165.434,24.338
165.441,24.337
165.434,24.338
165.394,24.368
165.434,24.338
165.441,24.337
165.394,24.368
165.481,24.307
165.441,24.337
165.434,24.338
165.481,24.307
165.481,24.307
165.481,24.307
165.481,24.307
165.434,24.338
165.481,24.307
165.434,24.338
165.481,24.307
165.394,24.368
165.481,24.307
165.481,24.307
165.441,24.337
165.720,24.339
165.434,24.338
165.434,24.338
165.394,24.368
165.434,24.338
165.481,24.307
165.481,24.307
165.481,24.307
165.481,24.307
165.441,24.337
165.441,24.337
165.481,24.307
165.441,24.337
165.441,24.337
165.441,24.337
165.481,24.307
165.434,24.338
165.481,24.307
165.427,24.307
165.481,24.307
165.481,24.307
165.394,24.368
165.434,24.338
165.427,24.307
165.434,24.338
165.481,24.307
165.481,24.307
165.481,24.307
165.481,24.307
165.434,24.306
165.481,24.307
165.481,24.307
165.394,24.368
165.481,24.307
165.441,24.337
165.441,24.337
165.434,24.338
165.434,24.338
165.394,24.368
165.434,24.338
165.481,24.307
165.481,24.307
165.481,24.307
165.434,24.338
165.481,24.307
165.813,24.310
165.441,24.337
165.481,24.307
165.481,24.307
165.441,24.337
165.481,24.307
165.441,24.337
165.434,24.338
165.441,24.337
165.481,24.307
165.441,24.337
165.481,24.307
165.434,24.338
165.481,24.307
165.481,24.307
165.434,24.338
165.441,24.337
165.387,24.337
165.434,24.338
165.441,24.337
165.813,24.310
165.441,24.337
165.813,24.310
165.481,24.307
165.481,24.307
165.481,24.307
165.434,24.338
165.434,24.338
165.394,24.368
165.481,24.307
165.707,24.380
165.813,24.310
165.481,24.307
165.874,24.264
165.813,24.310
165.374,24.377
165.767,24.341
165.773,24.340
165.813,24.310
165.813,24.310
165.813,24.310
165.773,24.340
165.481,24.307
165.481,24.307
165.481,24.307
165.481,24.307
165.767,24.341
165.813,24.310
165.773,24.340
165.727,24.370
165.813,24.310
165.773,24.340
165.773,24.340
165.754,24.349
165.767,24.341
165.813,24.310
165.482,24.643
165.767,24.341
165.481,24.307
165.773,24.340
165.482,24.643
165.767,24.341
165.773,24.340
165.727,24.370
165.813,24.310
165.441,24.337
165.434,24.338
165.813,24.310
165.441,24.337
165.767,24.341
165.727,24.370
165.434,24.338
165.813,24.310
165.813,24.310
165.813,24.310
165.441,24.673
165.481,24.307
165.481,24.307
165.441,24.337
165.434,24.338
165.434,24.338
165.481,24.307
165.481,24.307
165.481,24.307
165.481,24.307
165.481,24.307
165.434,24.338
165.434,24.338
165.434,24.338
165.434,24.338
165.434,24.338
165.481,24.307
165.434,24.338
165.441,24.337
165.441,24.337
165.441,24.337
165.441,24.337
165.813,24.310
165.481,24.307
165.441,24.337
165.813,24.310
165.481,24.307
165.707,24.380
165.767,24.341
165.813,24.310
165.813,24.310
165.720,24.339
165.773,24.340
165.727,24.370
165.394,24.368
165.481,24.307
165.441,24.337
165.481,24.307
165.481,24.307
165.394,24.368
165.481,24.307
165.773,24.340
165.727,24.370
165.813,24.310
165.773,24.340
165.813,24.310
165.874,24.264
165.813,24.310
165.441,24.337
165.481,24.307
165.481,24.307
165.434,24.338
165.481,24.307
165.394,24.368
165.720,24.339
165.481,24.307
165.434,24.338
165.434,24.338
165.481,24.307
165.481,24.307
165.481,24.307
165.481,24.307
165.434,24.338
165.813,24.310
165.773,24.340
165.773,24.340
165.727,24.370
165.481,24.307
165.813,24.310
165.813,24.310
165.727,24.370
165.394,24.368
165.813,24.310
165.773,24.340
165.773,24.340
165.813,24.310
165.813,24.310
166.007,24.373
165.813,24.310
165.767,24.341
165.481,24.307
165.482,24.643
165.813,24.310
165.813,24.310
165.773,24.340
165.441,24.673
165.481,24.307
165.813,24.310
165.481,24.307
165.767,24.341
165.481,24.307
165.387,24.337
165.394,24.368
165.441,24.337
165.441,24.337
165.481,24.307
165.481,24.307
165.481,24.307
165.394,24.368
165.434,24.338
165.481,24.307
165.481,24.307
165.441,24.337
165.481,24.307
165.441,24.337
165.394,24.368
165.481,24.307
165.441,24.337
165.481,24.307
165.394,24.368
165.434,24.338
165.434,24.338
165.441,24.337
165.773,24.340
165.773,24.340
165.767,24.341
165.727,24.370
165.434,24.306
165.767,24.341
165.767,24.341
165.773,24.340
165.542,24.261
165.542,24.261
165.773,24.340
165.813,24.310
165.542,24.261
165.813,24.310
165.813,24.310
165.874,24.264
165.874,24.264
165.813,24.310
165.542,24.261
165.874,24.264
165.481,24.307
165.874,24.264
165.481,24.307
165.874,24.264
165.813,24.310
165.874,24.264
165.481,24.307
165.434,24.338
165.394,24.368
165.434,24.338
165.434,24.338
165.441,24.337
165.434,24.338
165.481,24.307
165.481,24.307
165.481,24.307
165.481,24.307
165.434,24.338
165.394,24.368
165.441,24.337
165.394,24.368
165.441,24.337
165.481,24.307
165.441,24.337
165.434,24.338
165.813,24.310
165.773,24.340
165.767,24.341
165.773,24.340
165.813,24.310
165.481,24.307
165.874,24.264
165.813,24.310
165.813,24.310
165.441,24.337
165.481,24.307
165.813,24.310
165.767,24.341
165.767,24.341
165.813,24.310
165.813,24.310
165.813,24.310
165.813,24.310
165.813,24.310
165.434,24.338
165.481,24.307
165.394,24.368
165.394,24.368
165.394,24.368
165.394,24.368
165.767,24.341
165.434,24.338
165.481,24.307
165.760,24.309
165.767,24.341
165.813,24.310
165.813,24.310
165.813,24.310
165.773,24.340
165.813,24.310
165.773,24.340
165.773,24.340
165.813,24.310
165.813,24.310
165.813,24.310
165.813,24.310
165.813,24.310
165.813,24.310
165.874,24.264
165.813,24.310
165.813,24.310
165.481,24.307
165.813,24.310
165.481,24.307
165.441,24.337
165.481,24.307
165.481,24.307
165.441,24.337
165.441,24.337
165.481,24.307
165.481,24.307
165.441,24.337
165.394,24.368
165.813,24.310
165.727,24.370
165.668,24.410
165.707,24.380
165.441,24.337
165.707,24.380
165.773,24.340
165.813,24.310
165.727,24.370
165.767,24.341
165.813,24.310
165.727,24.370
165.727,24.370
165.727,24.370
165.773,24.340
165.767,24.341
165.441,24.337
165.441,24.337
165.441,24.337
165.481,24.307
165.441,24.337
165.434,24.338
165.394,24.368
165.481,24.307
165.481,24.307
165.481,24.307
165.394,24.368
165.427,24.307
165.481,24.307
165.434,24.338
165.434,24.338
165.394,24.368
165.434,24.338
165.481,24.307
165.481,24.307
165.434,24.338
165.394,24.368
165.434,24.338
165.481,24.307
165.434,24.338
165.481,24.307
165.481,24.307
165.481,24.307
165.434,24.338
165.441,24.337
165.394,24.368
165.441,24.337
165.481,24.307
165.441,24.337
165.481,24.307
165.481,24.307
165.434,24.338
165.481,24.307
165.481,24.307
165.481,24.307
165.394,24.368
165.394,24.368
165.394,24.368
165.441,24.337
165.441,24.337
165.441,24.337
165.481,24.307
165.481,24.307
165.481,24.307
165.481,24.307
165.967,24.402
165.441,24.337
165.481,24.307
165.441,24.337
165.441,24.337
165.441,24.337
165.394,24.368
165.434,24.338
165.481,24.307
165.394,24.368
165.481,24.307
165.481,24.307
165.813,24.310
165.441,24.337
165.727,24.370
165.434,24.338
165.441,24.337
165.394,24.368
165.394,24.368
165.481,24.307
165.434,24.338
165.441,24.337
165.394,24.368
165.441,24.337
165.434,24.338
165.441,24.337
165.481,24.307
165.394,24.368
165.727,24.370
165.481,24.307
165.394,24.368
165.394,24.368
165.394,24.368
165.394,24.368
165.394,24.368
165.481,24.307
165.481,24.307
165.394,24.368
165.394,24.368
165.434,24.338
165.441,24.337
165.394,24.368
165.434,24.338
165.434,24.338
165.481,24.307
165.481,24.307
165.434,24.306
165.434,24.338
165.727,24.370
165.394,24.368
165.394,24.368
165.773,24.340
165.481,24.307
165.434,24.338
165.441,24.337
165.434,24.338
165.813,24.310
165.394,24.368
165.387,24.337
165.434,24.338
165.394,24.368
165.441,24.337
165.434,24.338
165.434,24.338
165.441,24.337
165.394,24.368
165.441,24.337
165.434,24.338
165.394,24.368
165.434,24.338
165.434,24.338
165.773,24.340
165.727,24.370
165.727,24.370
165.434,24.338
165.434,24.338
165.773,24.340
165.434,24.338
165.434,24.338
165.434,24.338
165.441,24.337
165.441,24.337
165.474,24.276
165.394,24.368
165.394,24.368
165.481,24.307
165.727,24.370
165.394,24.368
165.434,24.338
165.727,24.370
165.441,24.337
165.434,24.338
165.727,24.370
165.767,24.341
165.434,24.338
165.813,24.310
165.441,24.337
165.394,24.368
165.394,24.368
165.481,24.307
165.773,24.340
165.481,24.307
165.767,24.341
165.441,24.337
165.441,24.337
165.434,24.338
165.481,24.307
165.727,24.370
165.434,24.306
165.434,24.338
165.441,24.337
165.813,24.310
165.813,24.310
180.673,23.781
180.673,23.781
180.673,23.781
178.691,24.101
178.691,24.437
177.368,24.091
176.045,22.740
176.375,22.743
176.375,22.743
176.375,22.743
176.414,22.715
176.375,22.743
176.375,22.743
176.375,22.743
176.375,22.743
176.345,22.772
176.375,22.743
176.345,22.772
176.384,22.744
176.384,22.744
176.345,22.772
176.345,22.772
176.414,22.715
176.345,22.772
176.384,22.744
176.345,22.772
176.384,22.744
176.345,22.772
176.384,22.744
176.384,22.744
176.384,22.744
176.345,22.772
176.375,22.743
176.375,22.743
176.345,22.772
176.414,22.715
176.384,22.744
176.384,22.744
176.345,22.772
176.346,23.107
176.375,22.743
176.345,22.772
176.384,22.744
176.345,22.772
176.345,22.772
176.384,22.744
176.380,22.715
176.414,22.715
176.345,22.772
176.384,22.744
176.375,22.743
176.345,22.772
176.345,22.772
176.414,22.715
176.414,22.715
176.345,22.772
176.414,22.715
176.375,22.743
176.345,22.772
176.384,22.744
176.346,23.107
176.414,22.715
176.384,22.744
176.384,22.744
176.384,22.744
176.345,22.772
176.345,22.772
176.345,22.772
176.345,22.772
176.375,22.743
176.375,22.743
176.345,22.772
176.345,22.772
176.384,22.744
176.345,22.772
176.415,23.050
176.375,22.743
176.375,22.743
176.345,22.772
176.375,22.743
176.345,22.772
176.414,22.715
176.345,22.772
176.345,22.772
176.414,22.715
176.414,22.715
176.345,22.772
176.375,22.743
176.345,22.772
176.375,22.743
176.345,22.772
176.345,22.772
176.345,22.772
176.345,22.772
176.345,22.772
176.384,22.744
176.375,22.743
176.345,22.772
176.384,22.744
176.345,22.772
176.380,22.715
176.384,22.744
176.345,22.772
176.345,22.772
176.375,22.743
176.375,22.743
176.384,22.744
176.414,22.715
176.375,22.743
176.384,22.744
176.375,22.743
176.345,22.772
176.375,22.743
176.414,22.715
176.345,22.772
176.384,22.744
176.345,22.772
176.375,22.743
176.345,22.772
176.384,22.744
176.346,23.107
176.384,22.744
176.384,22.744
176.345,22.772
176.345,22.772
176.384,22.744
176.384,22.744
176.384,22.744
176.375,22.743
176.345,22.772
176.345,22.772
176.384,22.744
176.415,23.050
176.375,22.743
176.345,22.772
176.345,22.772
176.345,22.772
176.384,22.744
176.415,23.050
176.384,22.744
176.414,22.715
176.344,22.783
176.375,22.743
176.384,22.744
176.014,22.769
176.345,22.772
